********** PROGRAM OUTPUT ********

+++++++word freq 1++++++++
./wordfreq some_a_words.csv< d_input0

Which word starting which year? 1900 443
1901 5
1902 7
1903 17
1904 4
1905 15
1906 55
1907 1
1908 1
1909 1
1910 7
1911 3
1912 152
1913 6
1914 20
1915 1
1916 8
1917 7
1918 6
1919 7
1920 9
1921 2
1922 19
1923 23
1924 45
1925 39
1926 170
1927 1191
1928 657
1929 3468
1930 5867
1931 3497
1932 981
1933 1283
1934 1081
1935 1539
1936 1525
1937 2465
1938 2686
1939 3377
1940 8868
1941 4709
1942 7707
1943 7122
1944 6821
1945 9597
1946 15933
1947 9969
1948 7864
1949 10579
1950 6974
1951 7359
1952 5472
1953 6440
1954 7996
1955 8997
1956 7449
1957 7901
1958 9254
1959 10419
1960 12261
1961 11860
1962 16793
1963 14554
1964 15195
1965 18997
1966 19622
1967 22495
1968 24381
1969 24256
1970 25204
1971 27274
1972 30449
1973 29440
1974 28823
1975 31994
1976 28598
1977 33827
1978 32241
1979 46200
1980 37518
1981 35716
1982 41397
1983 45116
1984 50011
1985 49424
1986 53547
1987 58046
1988 60303
1989 67752
1990 76600
1991 81484
1992 84860
1993 79187
1994 90668
1995 87574
1996 102357
1997 103090
1998 102422
1999 113734
2000 140285
2001 145810
2002 163874
2003 171735
2004 191086
2005 173138
2006 167451
2007 175702
2008 173294
Which word starting which year? 

